Root Cause
ts-travel2-mongo_cpu
ts-price-mongo_memory_rss
ts-execute-service_cpu
